110 d 30 0 0
126 d 30 0 0
97 d 30 0 0
112 d 30 0 0
157 d 30 0 0
142 d 30 0 0
128 d 30 0 0
95 d 30 0 0
67 d 30 0 0
111 d 0 0 0
127 d 30 0 0
143 d 30 0 0
129 d 30 0 0
96 d 30 0 0
158 d 30 0 0
65 d 30 0 0
113 d 30 0 0
57 d 30 16 0
60 d 0 16 0
62 d 30 16 0
58 d 0 16 0
87 d d d d
63 d 0 16 0
41 d 0 38 0
44 d 0 38 0
77 d 0 38 0
46 d 0 38 0
41 1d 0 2a 0
44 1d 0 2a 0
77 1d 0 2a 0
46 1d 0 2a 0
42 d 0 38 0
47 d 0 38 0
42 1d 0 2a 0
1 1d 16 0 0
47 1d 0 2a 0
6 1d 16 0 0
69 d 0 16 0
72 d 0 16 0
74 d 0 16 0
81 1d 0 2a 0
78 1d 0 2a 0
82 1d 0 2a 0
70 d 0 16 0
22 d 30 0 0
75 d 0 16 0
2 1d 16 0 0
7 1d 16 0 0
15 d 30 0 0
24 d 30 0 0
32 d 30 0 0
3 1d 16 0 0
8 1d 16 0 0
11 d 30 0 0
23 d 30 0 0
4 1d 16 0 0
9 1d 16 0 0
37 d 30 0 0
71 d 0 16 0
73 d 0 16 0
76 d 0 16 0
30 d 30 0 0
5 1d 16 0 0
10 1d 16 0 0
35 d 30 0 0
43 1d 0 2a 0
45 1d 0 2a 0
79 1d 0 2a 0
48 1d 0 2a 0
29 d 30 0 0
26 d 30 0 0
13 d 30 0 0
25 d 30 0 0
66 d 0 0 0
28 d 30 0 0
59 d 30 16 0
61 d 0 16 0
64 d 30 16 0
68 d 30 0 0
43 d 0 38 0
45 d 0 38 0
79 d 0 38 0
48 d 0 38 0
87 27 d d d
142 d 31 0 0
128 d 31 0 0
97 d 31 0 0
112 d 31 0 0
110 d 31 0 0
126 d 31 0 0
127 d 31 0 0
143 d 31 0 0
129 d 31 0 0
96 d 31 0 0
158 d 31 0 0
630 d 31 0 0
633 d 31 0 0
635 d 31 0 0
157 d 31 0 0
631 d 31 0 0
672 d 0 0 30
87 d 30 0 0
636 d 31 0 0
11 d 30 30 30
673 d 0 0 30
87 d 0 16 0
638 d 30 29 1a
649 d 30 29 1a
645 d 30 29 1a
658 d 30 29 1a
643 d 30 29 1a
655 d 30 29 1a
665 d 30 29 1a
667 d 30 29 1a
652 d 30 29 1a
645 d 30 1a 29
661 d 30 29 1a
669 d 30 29 1a
68 d 31 0 0
37 d 30 30 30
674 d 0 0 30
639 d 30 29 1a
650 d 30 29 1a
646 d 30 29 1a
659 d 30 29 1a
644 d 30 29 1a
656 d 30 29 1a
666 d 30 29 1a
668 d 30 29 1a
641 d 30 29 1a
653 d 30 29 1a
646 d 30 1a 29
662 d 30 29 1a
670 d 30 29 1a
30 d 30 30 30
95 d 31 0 0
675 d 0 0 30
640 d 30 29 1a
651 d 30 29 1a
647 d 30 29 1a
660 d 30 29 1a
657 d 30 29 1a
87 d 0 38 0
642 d 30 29 1a
654 d 30 29 1a
647 d 30 1a 29
663 d 30 29 1a
671 d 30 29 1a
35 d 30 30 30
676 d 0 0 30
87 d 0 2a 0
1 d 16 16 16
26 d 30 30 30
87 d 16 0 0
15 d 30 30 30
677 d 0 0 30
632 d 31 0 0
634 d 31 0 0
637 d 31 0 0
664 d 0 0 30
622 d 31 0 0
625 d 31 0 0
627 d 31 0 0
623 d 31 0 0
628 d 31 0 0
22 d 30 30 30
19 d 30 30 30
24 d 30 30 30
29 d 30 30 30
624 d 31 0 0
626 d 31 0 0
629 d 31 0 0
65 d 31 0 0
25 d 30 30 30
13 d 30 30 30
34 d 30 30 30
32 d 30 30 30
28 d 30 30 30
67 d 31 0 0
87 d 30 16 0
638 d 30 27 16
649 d 30 27 16
645 d 30 27 16
658 d 30 27 16
643 d 30 27 16
655 d 30 27 16
665 d 30 27 16
667 d 30 27 16
652 d 30 27 16
645 d 30 16 27
661 d 30 27 16
669 d 30 27 16
639 d 30 27 16
650 d 30 27 16
646 d 30 27 16
659 d 30 27 16
644 d 30 27 16
656 d 30 27 16
666 d 30 27 16
668 d 30 27 16
641 d 30 27 16
653 d 30 27 16
646 d 30 16 27
662 d 30 27 16
670 d 30 27 16
640 d 30 27 16
651 d 30 27 16
647 d 30 27 16
660 d 30 27 16
657 d 30 27 16
642 d 30 27 16
654 d 30 27 16
647 d 30 16 27
663 d 30 27 16
671 d 30 27 16
2 d 16 16 16
1 d 30 30 30
2 d 30 30 30
10 d 30 30 30
3 d 16 16 16
4 d 16 16 16
5 d 16 16 16
87 d 31 0 0
87 d 0 0 0
87 d 0 0 30
87 d 30 30 30
87 d 30 27 16
87 d 30 16 27
87 d 16 16 16
17 d 30 30 30
23 d 30 30 30
638 d 30 16 12
649 d 30 16 12
645 d 30 16 12
658 d 30 16 12
643 d 30 16 12
655 d 30 16 12
665 d 30 16 12
667 d 30 16 12
652 d 30 16 12
645 d 30 12 16
661 d 30 16 12
669 d 30 16 12
639 d 30 16 12
650 d 30 16 12
646 d 30 16 12
659 d 30 16 12
644 d 30 16 12
656 d 30 16 12
666 d 30 16 12
668 d 30 16 12
641 d 30 16 12
653 d 30 16 12
646 d 30 12 16
662 d 30 16 12
670 d 30 16 12
640 d 30 16 12
651 d 30 16 12
647 d 30 16 12
660 d 30 16 12
657 d 30 16 12
642 d 30 16 12
654 d 30 16 12
647 d 30 12 16
663 d 30 16 12
671 d 30 16 12
9 d 30 30 30
87 d 30 16 12
87 d 30 12 16
638 d 30 5 13
649 d 30 5 13
645 d 30 5 13
658 d 30 5 13
643 d 30 5 13
655 d 30 5 13
665 d 30 5 13
667 d 30 5 13
652 d 30 5 13
645 d 30 13 5
661 d 30 5 13
669 d 30 5 13
639 d 30 5 13
650 d 30 5 13
646 d 30 5 13
659 d 30 5 13
644 d 30 5 13
656 d 30 5 13
666 d 30 5 13
668 d 30 5 13
641 d 30 5 13
653 d 30 5 13
646 d 30 13 5
662 d 30 5 13
670 d 30 5 13
640 d 30 5 13
651 d 30 5 13
647 d 30 5 13
660 d 30 5 13
657 d 30 5 13
642 d 30 5 13
654 d 30 5 13
647 d 30 13 5
663 d 30 5 13
671 d 30 5 13
8 d 30 30 30
3 d 30 30 30
4 d 30 30 30
5 d 30 30 30
87 d 30 5 13
87 d 30 13 5
638 d 30 0 16
649 d 30 0 16
645 d 30 0 16
658 d 30 0 16
643 d 30 0 16
655 d 30 0 16
665 d 30 0 16
667 d 30 0 16
652 d 30 0 16
645 d 30 16 0
661 d 30 0 16
669 d 30 0 16
639 d 30 0 16
650 d 30 0 16
646 d 30 0 16
659 d 30 0 16
644 d 30 0 16
656 d 30 0 16
666 d 30 0 16
668 d 30 0 16
641 d 30 0 16
653 d 30 0 16
646 d 30 16 0
662 d 30 0 16
670 d 30 0 16
640 d 30 0 16
651 d 30 0 16
647 d 30 0 16
660 d 30 0 16
657 d 30 0 16
642 d 30 0 16
654 d 30 0 16
647 d 30 16 0
663 d 30 0 16
671 d 30 0 16
7 d 30 30 30
87 d 30 0 16
638 d 30 22 2b
649 d 30 22 2b
645 d 30 22 2b
658 d 30 22 2b
643 d 30 22 2b
655 d 30 22 2b
665 d 30 22 2b
667 d 30 22 2b
652 d 30 22 2b
645 d 30 2b 22
661 d 30 22 2b
669 d 30 22 2b
639 d 30 22 2b
650 d 30 22 2b
646 d 30 22 2b
659 d 30 22 2b
644 d 30 22 2b
656 d 30 22 2b
666 d 30 22 2b
668 d 30 22 2b
641 d 30 22 2b
653 d 30 22 2b
646 d 30 2b 22
662 d 30 22 2b
670 d 30 22 2b
640 d 30 22 2b
651 d 30 22 2b
647 d 30 22 2b
660 d 30 22 2b
657 d 30 22 2b
642 d 30 22 2b
654 d 30 22 2b
647 d 30 2b 22
663 d 30 22 2b
671 d 30 22 2b
6 d 30 30 30
87 d 30 22 2b
87 d 30 2b 22
638 d 30 2b 15
649 d 30 2b 15
645 d 30 2b 15
658 d 30 2b 15
643 d 30 2b 15
655 d 30 2b 15
665 d 30 2b 15
667 d 30 2b 15
652 d 30 2b 15
645 d 30 15 2b
661 d 30 2b 15
669 d 30 2b 15
639 d 30 2b 15
650 d 30 2b 15
646 d 30 2b 15
659 d 30 2b 15
644 d 30 2b 15
656 d 30 2b 15
666 d 30 2b 15
668 d 30 2b 15
641 d 30 2b 15
653 d 30 2b 15
646 d 30 15 2b
662 d 30 2b 15
670 d 30 2b 15
640 d 30 2b 15
651 d 30 2b 15
647 d 30 2b 15
660 d 30 2b 15
657 d 30 2b 15
642 d 30 2b 15
654 d 30 2b 15
647 d 30 15 2b
663 d 30 2b 15
671 d 30 2b 15
87 d 30 2b 15
87 d 30 15 2b
638 d 30 2a 12
649 d 30 2a 12
645 d 30 2a 12
658 d 30 2a 12
643 d 30 2a 12
655 d 30 2a 12
665 d 30 2a 12
667 d 30 2a 12
652 d 30 2a 12
645 d 30 12 2a
661 d 30 2a 12
669 d 30 2a 12
639 d 30 2a 12
650 d 30 2a 12
646 d 30 2a 12
659 d 30 2a 12
644 d 30 2a 12
656 d 30 2a 12
666 d 30 2a 12
668 d 30 2a 12
641 d 30 2a 12
653 d 30 2a 12
646 d 30 12 2a
662 d 30 2a 12
670 d 30 2a 12
640 d 30 2a 12
651 d 30 2a 12
647 d 30 2a 12
660 d 30 2a 12
657 d 30 2a 12
642 d 30 2a 12
654 d 30 2a 12
647 d 30 12 2a
663 d 30 2a 12
671 d 30 2a 12
87 d 30 2a 12
87 d 30 12 2a
638 d 30 24 14
649 d 30 24 14
645 d 30 24 14
658 d 30 24 14
643 d 30 24 14
655 d 30 24 14
665 d 30 24 14
667 d 30 24 14
652 d 30 24 14
645 d 30 14 24
661 d 30 24 14
669 d 30 24 14
639 d 30 24 14
650 d 30 24 14
646 d 30 24 14
659 d 30 24 14
644 d 30 24 14
656 d 30 24 14
666 d 30 24 14
668 d 30 24 14
641 d 30 24 14
653 d 30 24 14
646 d 30 14 24
662 d 30 24 14
670 d 30 24 14
640 d 30 24 14
651 d 30 24 14
647 d 30 24 14
660 d 30 24 14
657 d 30 24 14
642 d 30 24 14
654 d 30 24 14
647 d 30 14 24
663 d 30 24 14
671 d 30 24 14
87 d 30 24 14
87 d 30 14 24
87 d 30 29 1a
87 d 30 1a 29
638 d 30 21 12
649 d 30 21 12
645 d 30 21 12
658 d 30 21 12
643 d 30 21 12
655 d 30 21 12
665 d 30 21 12
667 d 30 21 12
652 d 30 21 12
645 d 30 12 21
661 d 30 21 12
669 d 30 21 12
639 d 30 21 12
650 d 30 21 12
646 d 30 21 12
659 d 30 21 12
644 d 30 21 12
656 d 30 21 12
666 d 30 21 12
668 d 30 21 12
641 d 30 21 12
653 d 30 21 12
646 d 30 12 21
662 d 30 21 12
670 d 30 21 12
640 d 30 21 12
651 d 30 21 12
647 d 30 21 12
660 d 30 21 12
657 d 30 21 12
642 d 30 21 12
654 d 30 21 12
647 d 30 12 21
663 d 30 21 12
671 d 30 21 12
87 d 30 21 12
87 d 30 12 21
142 d 3c 0 20
128 d 3c 0 20
97 d 3c 0 20
112 d 3c 0 20
110 d 3c 0 20
126 d 3c 0 20
127 d 3c 0 20
143 d 3c 0 20
129 d 3c 0 20
96 d 3c 0 20
111 d 0 0 20
158 d 3c 0 20
630 d 3c 20 0
633 d 3c 20 0
635 d 3c 20 0
157 d 3c 0 20
631 d 3c 20 0
636 d 3c 20 0
68 d 3c 0 20
66 d 0 0 20
95 d 3c 0 20
632 d 3c 20 0
634 d 3c 20 0
637 d 3c 20 0
622 d 3c 20 0
625 d 3c 20 0
627 d 3c 20 0
623 d 3c 20 0
628 d 3c 20 0
624 d 3c 20 0
626 d 3c 20 0
629 d 3c 20 0
65 d 3c 0 20
67 d 3c 0 20
6 d 16 16 16
7 d 16 16 16
8 d 16 16 16
9 d 16 16 16
10 d 16 16 16
